Grading at Sun Dec  6 10:24:37 UTC 2020
Attempting to compile retirement.c
Checking for struct _retire_info
Found on line 4, column 1 
Checking for field int months
Found on line 5, column 3 
Checking for field double contribution
Found on line 6, column 3 
Checking for field double rate_of_return
Found on line 7, column 3 
Checking for typedef of struct _retire_info to retire_info
Found on line 10, column 1 
Checking for void retirement (int startAge, double initial,  retire_info working,  retire_info retired)
Found on line 34, column 1 
Checking for int main(void)
Found on line 57, column 1 
Trying to run retirement calculator..
Your file matched the expected output
Removing your main() and replacing it with our own to run more tests...
                |         Working              |        Retired         
 Age | Initial  | Saving  |   Rate    | Months | Spending |   Rate    | Months | Result
 240 |     0.00 | 1234.00 | 0.0026700 |   597  | -3567.00 | 0.0003500 |   206  | Correct
 240 |     0.00 | 1234.00 | 0.0026700 |   597  | -3567.00 | 0.0003500 |   391  | Correct
 240 |     0.00 | 1234.00 | 0.0026700 |   597  | -3567.00 | 0.0048000 |   221  | Correct
 240 |     0.00 | 1234.00 | 0.0026700 |   597  | -3567.00 | 0.0048000 |   387  | Correct
 240 |     0.00 | 1234.00 | 0.0026700 |   597  | -6534.00 | 0.0009600 |   207  | Correct
 240 |     0.00 | 1234.00 | 0.0026700 |   597  | -6534.00 | 0.0009600 |   377  | Correct
 240 |     0.00 | 1234.00 | 0.0026700 |   597  | -6534.00 | 0.0049800 |   226  | Correct
 240 |     0.00 | 1234.00 | 0.0026700 |   597  | -6534.00 | 0.0049800 |   408  | Correct
 240 |     0.00 | 1234.00 | 0.0026700 |   598  | -3567.00 | 0.0005100 |   205  | Correct
 240 |     0.00 | 1234.00 | 0.0026700 |   598  | -3567.00 | 0.0005100 |   407  | Correct
 240 |     0.00 | 1234.00 | 0.0026700 |   598  | -3567.00 | 0.0046800 |   225  | Correct
 240 |     0.00 | 1234.00 | 0.0026700 |   598  | -3567.00 | 0.0046800 |   380  | Correct
 240 |     0.00 | 1234.00 | 0.0026700 |   598  | -6534.00 | 0.0004200 |   229  | Correct
 240 |     0.00 | 1234.00 | 0.0026700 |   598  | -6534.00 | 0.0004200 |   374  | Correct
 240 |     0.00 | 1234.00 | 0.0026700 |   598  | -6534.00 | 0.0048200 |   230  | Correct
 240 |     0.00 | 1234.00 | 0.0026700 |   598  | -6534.00 | 0.0048200 |   392  | Correct
 240 |     0.00 | 1234.00 | 0.0056700 |   597  | -3567.00 | 0.0003600 |   221  | Correct
 240 |     0.00 | 1234.00 | 0.0056700 |   597  | -3567.00 | 0.0003600 |   403  | Correct
 240 |     0.00 | 1234.00 | 0.0056700 |   597  | -3567.00 | 0.0046100 |   216  | Correct
 240 |     0.00 | 1234.00 | 0.0056700 |   597  | -3567.00 | 0.0046100 |   384  | Correct
 240 |     0.00 | 1234.00 | 0.0056700 |   597  | -6534.00 | 0.0007900 |   229  | Correct
 240 |     0.00 | 1234.00 | 0.0056700 |   597  | -6534.00 | 0.0007900 |   370  | Correct
 240 |     0.00 | 1234.00 | 0.0056700 |   597  | -6534.00 | 0.0044300 |   212  | Correct
 240 |     0.00 | 1234.00 | 0.0056700 |   597  | -6534.00 | 0.0044300 |   372  | Correct
 240 |     0.00 | 1234.00 | 0.0056700 |   597  | -3567.00 | 0.0005400 |   229  | Correct
 240 |     0.00 | 1234.00 | 0.0056700 |   597  | -3567.00 | 0.0005400 |   386  | Correct
 240 |     0.00 | 1234.00 | 0.0056700 |   597  | -3567.00 | 0.0040700 |   233  | Correct
 240 |     0.00 | 1234.00 | 0.0056700 |   597  | -3567.00 | 0.0040700 |   389  | Correct
 240 |     0.00 | 1234.00 | 0.0056700 |   597  | -6534.00 | 0.0006400 |   228  | Correct
 240 |     0.00 | 1234.00 | 0.0056700 |   597  | -6534.00 | 0.0006400 |   384  | Correct
 240 |     0.00 | 1234.00 | 0.0056700 |   597  | -6534.00 | 0.0044800 |   228  | Correct
 240 |     0.00 | 1234.00 | 0.0056700 |   597  | -6534.00 | 0.0044800 |   374  | Correct
 240 |     0.00 | 3185.00 | 0.0026700 |   597  | -3567.00 | 0.0001300 |   226  | Correct
 240 |     0.00 | 3185.00 | 0.0026700 |   597  | -3567.00 | 0.0001300 |   393  | Correct
 240 |     0.00 | 3185.00 | 0.0026700 |   597  | -3567.00 | 0.0045100 |   215  | Correct
 240 |     0.00 | 3185.00 | 0.0026700 |   597  | -3567.00 | 0.0045100 |   386  | Correct
 240 |     0.00 | 3185.00 | 0.0026700 |   597  | -6534.00 | 0.0002600 |   226  | Correct
 240 |     0.00 | 3185.00 | 0.0026700 |   597  | -6534.00 | 0.0002600 |   403  | Correct
 240 |     0.00 | 3185.00 | 0.0026700 |   597  | -6534.00 | 0.0045700 |   215  | Correct
 240 |     0.00 | 3185.00 | 0.0026700 |   597  | -6534.00 | 0.0045700 |   380  | Correct
 240 |     0.00 | 3185.00 | 0.0026700 |   592  | -3567.00 | 0.0006200 |   213  | Correct
 240 |     0.00 | 3185.00 | 0.0026700 |   592  | -3567.00 | 0.0006200 |   391  | Correct
 240 |     0.00 | 3185.00 | 0.0026700 |   592  | -3567.00 | 0.0041300 |   215  | Correct
 240 |     0.00 | 3185.00 | 0.0026700 |   592  | -3567.00 | 0.0041300 |   400  | Correct
 240 |     0.00 | 3185.00 | 0.0026700 |   592  | -6534.00 | 0.0001300 |   204  | Correct
 240 |     0.00 | 3185.00 | 0.0026700 |   592  | -6534.00 | 0.0001300 |   374  | Correct
 240 |     0.00 | 3185.00 | 0.0026700 |   592  | -6534.00 | 0.0041500 |   226  | Correct
 240 |     0.00 | 3185.00 | 0.0026700 |   592  | -6534.00 | 0.0041500 |   374  | Correct
 240 |     0.00 | 3185.00 | 0.0056700 |   597  | -3567.00 | 0.0008500 |   211  | Correct
 240 |     0.00 | 3185.00 | 0.0056700 |   597  | -3567.00 | 0.0008500 |   406  | Correct
 240 |     0.00 | 3185.00 | 0.0056700 |   597  | -3567.00 | 0.0043700 |   228  | Correct
 240 |     0.00 | 3185.00 | 0.0056700 |   597  | -3567.00 | 0.0043700 |   380  | Correct
 240 |     0.00 | 3185.00 | 0.0056700 |   597  | -6534.00 | 0.0002300 |   212  | Correct
 240 |     0.00 | 3185.00 | 0.0056700 |   597  | -6534.00 | 0.0002300 |   403  | Correct
 240 |     0.00 | 3185.00 | 0.0056700 |   597  | -6534.00 | 0.0048500 |   206  | Correct
 240 |     0.00 | 3185.00 | 0.0056700 |   597  | -6534.00 | 0.0048500 |   381  | Correct
 240 |     0.00 | 3185.00 | 0.0056700 |   608  | -3567.00 | 0.0004400 |   217  | Correct
 240 |     0.00 | 3185.00 | 0.0056700 |   608  | -3567.00 | 0.0004400 |   376  | Correct
 240 |     0.00 | 3185.00 | 0.0056700 |   608  | -3567.00 | 0.0043200 |   229  | Correct
 240 |     0.00 | 3185.00 | 0.0056700 |   608  | -3567.00 | 0.0043200 |   380  | Correct
 240 |     0.00 | 3185.00 | 0.0056700 |   608  | -6534.00 | 0.0000000 |   220  | Correct
 240 |     0.00 | 3185.00 | 0.0056700 |   608  | -6534.00 | 0.0000000 |   395  | Correct
 240 |     0.00 | 3185.00 | 0.0056700 |   608  | -6534.00 | 0.0043200 |   204  | Correct
 240 |     0.00 | 3185.00 | 0.0056700 |   608  | -6534.00 | 0.0043200 |   373  | Correct
 240 | 15126.00 | 1234.00 | 0.0026700 |   597  | -3567.00 | 0.0004200 |   232  | Correct
 240 | 15126.00 | 1234.00 | 0.0026700 |   597  | -3567.00 | 0.0004200 |   387  | Correct
 240 | 15126.00 | 1234.00 | 0.0026700 |   597  | -3567.00 | 0.0047700 |   212  | Correct
 240 | 15126.00 | 1234.00 | 0.0026700 |   597  | -3567.00 | 0.0047700 |   370  | Correct
 240 | 15126.00 | 1234.00 | 0.0026700 |   597  | -6534.00 | 0.0008900 |   228  | Correct
 240 | 15126.00 | 1234.00 | 0.0026700 |   597  | -6534.00 | 0.0008900 |   392  | Correct
 240 | 15126.00 | 1234.00 | 0.0026700 |   597  | -6534.00 | 0.0047000 |   225  | Correct
 240 | 15126.00 | 1234.00 | 0.0026700 |   597  | -6534.00 | 0.0047000 |   370  | Correct
 240 | 15126.00 | 1234.00 | 0.0026700 |   592  | -3567.00 | 0.0001100 |   229  | Correct
 240 | 15126.00 | 1234.00 | 0.0026700 |   592  | -3567.00 | 0.0001100 |   404  | Correct
 240 | 15126.00 | 1234.00 | 0.0026700 |   592  | -3567.00 | 0.0044600 |   230  | Correct
 240 | 15126.00 | 1234.00 | 0.0026700 |   592  | -3567.00 | 0.0044600 |   380  | Correct
 240 | 15126.00 | 1234.00 | 0.0026700 |   592  | -6534.00 | 0.0002300 |   204  | Correct
 240 | 15126.00 | 1234.00 | 0.0026700 |   592  | -6534.00 | 0.0002300 |   398  | Correct
 240 | 15126.00 | 1234.00 | 0.0026700 |   592  | -6534.00 | 0.0041100 |   212  | Correct
 240 | 15126.00 | 1234.00 | 0.0026700 |   592  | -6534.00 | 0.0041100 |   383  | Correct
 240 | 15126.00 | 1234.00 | 0.0056700 |   597  | -3567.00 | 0.0002900 |   229  | Correct
 240 | 15126.00 | 1234.00 | 0.0056700 |   597  | -3567.00 | 0.0002900 |   392  | Correct
 240 | 15126.00 | 1234.00 | 0.0056700 |   597  | -3567.00 | 0.0045400 |   231  | Correct
 240 | 15126.00 | 1234.00 | 0.0056700 |   597  | -3567.00 | 0.0045400 |   408  | Correct
 240 | 15126.00 | 1234.00 | 0.0056700 |   597  | -6534.00 | 0.0001300 |   227  | Correct
 240 | 15126.00 | 1234.00 | 0.0056700 |   597  | -6534.00 | 0.0001300 |   374  | Correct
 240 | 15126.00 | 1234.00 | 0.0056700 |   597  | -6534.00 | 0.0046500 |   204  | Correct
 240 | 15126.00 | 1234.00 | 0.0056700 |   597  | -6534.00 | 0.0046500 |   390  | Correct
 240 | 15126.00 | 1234.00 | 0.0056700 |   603  | -3567.00 | 0.0006600 |   226  | Correct
 240 | 15126.00 | 1234.00 | 0.0056700 |   603  | -3567.00 | 0.0006600 |   407  | Correct
 240 | 15126.00 | 1234.00 | 0.0056700 |   603  | -3567.00 | 0.0041100 |   227  | Correct
 240 | 15126.00 | 1234.00 | 0.0056700 |   603  | -3567.00 | 0.0041100 |   387  | Correct
 240 | 15126.00 | 1234.00 | 0.0056700 |   603  | -6534.00 | 0.0003100 |   221  | Correct
 240 | 15126.00 | 1234.00 | 0.0056700 |   603  | -6534.00 | 0.0003100 |   400  | Correct
 240 | 15126.00 | 1234.00 | 0.0056700 |   603  | -6534.00 | 0.0041500 |   215  | Correct
 240 | 15126.00 | 1234.00 | 0.0056700 |   603  | -6534.00 | 0.0041500 |   382  | Correct
 240 | 15126.00 | 3359.00 | 0.0026700 |   597  | -3567.00 | 0.0000100 |   220  | Correct
 240 | 15126.00 | 3359.00 | 0.0026700 |   597  | -3567.00 | 0.0000100 |   375  | Correct
 240 | 15126.00 | 3359.00 | 0.0026700 |   597  | -3567.00 | 0.0047000 |   220  | Correct
 240 | 15126.00 | 3359.00 | 0.0026700 |   597  | -3567.00 | 0.0047000 |   374  | Correct
 240 | 15126.00 | 3359.00 | 0.0026700 |   597  | -6534.00 | 0.0009800 |   209  | Correct
 240 | 15126.00 | 3359.00 | 0.0026700 |   597  | -6534.00 | 0.0009800 |   395  | Correct
 240 | 15126.00 | 3359.00 | 0.0026700 |   597  | -6534.00 | 0.0049900 |   214  | Correct
 240 | 15126.00 | 3359.00 | 0.0026700 |   597  | -6534.00 | 0.0049900 |   408  | Correct
 240 | 15126.00 | 3359.00 | 0.0026700 |   598  | -3567.00 | 0.0004500 |   221  | Correct
 240 | 15126.00 | 3359.00 | 0.0026700 |   598  | -3567.00 | 0.0004500 |   383  | Correct
 240 | 15126.00 | 3359.00 | 0.0026700 |   598  | -3567.00 | 0.0047800 |   204  | Correct
 240 | 15126.00 | 3359.00 | 0.0026700 |   598  | -3567.00 | 0.0047800 |   401  | Correct
 240 | 15126.00 | 3359.00 | 0.0026700 |   598  | -6534.00 | 0.0005300 |   218  | Correct
 240 | 15126.00 | 3359.00 | 0.0026700 |   598  | -6534.00 | 0.0005300 |   378  | Correct
 240 | 15126.00 | 3359.00 | 0.0026700 |   598  | -6534.00 | 0.0042200 |   210  | Correct
 240 | 15126.00 | 3359.00 | 0.0026700 |   598  | -6534.00 | 0.0042200 |   372  | Correct
 240 | 15126.00 | 3359.00 | 0.0056700 |   597  | -3567.00 | 0.0004100 |   209  | Correct
 240 | 15126.00 | 3359.00 | 0.0056700 |   597  | -3567.00 | 0.0004100 |   392  | Correct
 240 | 15126.00 | 3359.00 | 0.0056700 |   597  | -3567.00 | 0.0043100 |   214  | Correct
 240 | 15126.00 | 3359.00 | 0.0056700 |   597  | -3567.00 | 0.0043100 |   396  | Correct
 240 | 15126.00 | 3359.00 | 0.0056700 |   597  | -6534.00 | 0.0002300 |   220  | Correct
 240 | 15126.00 | 3359.00 | 0.0056700 |   597  | -6534.00 | 0.0002300 |   404  | Correct
 240 | 15126.00 | 3359.00 | 0.0056700 |   597  | -6534.00 | 0.0043700 |   226  | Correct
 240 | 15126.00 | 3359.00 | 0.0056700 |   597  | -6534.00 | 0.0043700 |   408  | Correct
 240 | 15126.00 | 3359.00 | 0.0056700 |   586  | -3567.00 | 0.0000900 |   206  | Correct
 240 | 15126.00 | 3359.00 | 0.0056700 |   586  | -3567.00 | 0.0000900 |   394  | Correct
 240 | 15126.00 | 3359.00 | 0.0056700 |   586  | -3567.00 | 0.0047200 |   211  | Correct
 240 | 15126.00 | 3359.00 | 0.0056700 |   586  | -3567.00 | 0.0047200 |   408  | Correct
 240 | 15126.00 | 3359.00 | 0.0056700 |   586  | -6534.00 | 0.0000000 |   226  | Correct
 240 | 15126.00 | 3359.00 | 0.0056700 |   586  | -6534.00 | 0.0000000 |   399  | Correct
 240 | 15126.00 | 3359.00 | 0.0056700 |   586  | -6534.00 | 0.0048500 |   211  | Correct
 240 | 15126.00 | 3359.00 | 0.0056700 |   586  | -6534.00 | 0.0048500 |   383  | Correct
 345 |     0.00 | 1234.00 | 0.0026700 |   597  | -3567.00 | 0.0002700 |   212  | Correct
 345 |     0.00 | 1234.00 | 0.0026700 |   597  | -3567.00 | 0.0002700 |   395  | Correct
 345 |     0.00 | 1234.00 | 0.0026700 |   597  | -3567.00 | 0.0041100 |   208  | Correct
 345 |     0.00 | 1234.00 | 0.0026700 |   597  | -3567.00 | 0.0041100 |   392  | Correct
 345 |     0.00 | 1234.00 | 0.0026700 |   597  | -6534.00 | 0.0004000 |   204  | Correct
 345 |     0.00 | 1234.00 | 0.0026700 |   597  | -6534.00 | 0.0004000 |   399  | Correct
 345 |     0.00 | 1234.00 | 0.0026700 |   597  | -6534.00 | 0.0042900 |   232  | Correct
 345 |     0.00 | 1234.00 | 0.0026700 |   597  | -6534.00 | 0.0042900 |   384  | Correct
 345 |     0.00 | 1234.00 | 0.0026700 |   610  | -3567.00 | 0.0000400 |   205  | Correct
 345 |     0.00 | 1234.00 | 0.0026700 |   610  | -3567.00 | 0.0000400 |   404  | Correct
 345 |     0.00 | 1234.00 | 0.0026700 |   610  | -3567.00 | 0.0043800 |   217  | Correct
 345 |     0.00 | 1234.00 | 0.0026700 |   610  | -3567.00 | 0.0043800 |   397  | Correct
 345 |     0.00 | 1234.00 | 0.0026700 |   610  | -6534.00 | 0.0003000 |   217  | Correct
 345 |     0.00 | 1234.00 | 0.0026700 |   610  | -6534.00 | 0.0003000 |   372  | Correct
 345 |     0.00 | 1234.00 | 0.0026700 |   610  | -6534.00 | 0.0049900 |   223  | Correct
 345 |     0.00 | 1234.00 | 0.0026700 |   610  | -6534.00 | 0.0049900 |   380  | Correct
 345 |     0.00 | 1234.00 | 0.0056700 |   597  | -3567.00 | 0.0003700 |   222  | Correct
 345 |     0.00 | 1234.00 | 0.0056700 |   597  | -3567.00 | 0.0003700 |   373  | Correct
 345 |     0.00 | 1234.00 | 0.0056700 |   597  | -3567.00 | 0.0047400 |   206  | Correct
 345 |     0.00 | 1234.00 | 0.0056700 |   597  | -3567.00 | 0.0047400 |   371  | Correct
 345 |     0.00 | 1234.00 | 0.0056700 |   597  | -6534.00 | 0.0009400 |   227  | Correct
 345 |     0.00 | 1234.00 | 0.0056700 |   597  | -6534.00 | 0.0009400 |   398  | Correct
 345 |     0.00 | 1234.00 | 0.0056700 |   597  | -6534.00 | 0.0045100 |   212  | Correct
 345 |     0.00 | 1234.00 | 0.0056700 |   597  | -6534.00 | 0.0045100 |   395  | Correct
 345 |     0.00 | 1234.00 | 0.0056700 |   599  | -3567.00 | 0.0008400 |   216  | Correct
 345 |     0.00 | 1234.00 | 0.0056700 |   599  | -3567.00 | 0.0008400 |   386  | Correct
 345 |     0.00 | 1234.00 | 0.0056700 |   599  | -3567.00 | 0.0042500 |   225  | Correct
 345 |     0.00 | 1234.00 | 0.0056700 |   599  | -3567.00 | 0.0042500 |   406  | Correct
 345 |     0.00 | 1234.00 | 0.0056700 |   599  | -6534.00 | 0.0002500 |   233  | Correct
 345 |     0.00 | 1234.00 | 0.0056700 |   599  | -6534.00 | 0.0002500 |   394  | Correct
 345 |     0.00 | 1234.00 | 0.0056700 |   599  | -6534.00 | 0.0041500 |   204  | Correct
 345 |     0.00 | 1234.00 | 0.0056700 |   599  | -6534.00 | 0.0041500 |   394  | Correct
 345 |     0.00 | 3531.00 | 0.0026700 |   597  | -3567.00 | 0.0005300 |   229  | Correct
 345 |     0.00 | 3531.00 | 0.0026700 |   597  | -3567.00 | 0.0005300 |   395  | Correct
 345 |     0.00 | 3531.00 | 0.0026700 |   597  | -3567.00 | 0.0048600 |   229  | Correct
 345 |     0.00 | 3531.00 | 0.0026700 |   597  | -3567.00 | 0.0048600 |   374  | Correct
 345 |     0.00 | 3531.00 | 0.0026700 |   597  | -6534.00 | 0.0000800 |   219  | Correct
 345 |     0.00 | 3531.00 | 0.0026700 |   597  | -6534.00 | 0.0000800 |   371  | Correct
 345 |     0.00 | 3531.00 | 0.0026700 |   597  | -6534.00 | 0.0048600 |   227  | Correct
 345 |     0.00 | 3531.00 | 0.0026700 |   597  | -6534.00 | 0.0048600 |   399  | Correct
 345 |     0.00 | 3531.00 | 0.0026700 |   607  | -3567.00 | 0.0008500 |   231  | Correct
 345 |     0.00 | 3531.00 | 0.0026700 |   607  | -3567.00 | 0.0008500 |   386  | Correct
 345 |     0.00 | 3531.00 | 0.0026700 |   607  | -3567.00 | 0.0042400 |   225  | Correct
 345 |     0.00 | 3531.00 | 0.0026700 |   607  | -3567.00 | 0.0042400 |   391  | Correct
 345 |     0.00 | 3531.00 | 0.0026700 |   607  | -6534.00 | 0.0000700 |   218  | Correct
 345 |     0.00 | 3531.00 | 0.0026700 |   607  | -6534.00 | 0.0000700 |   404  | Correct
 345 |     0.00 | 3531.00 | 0.0026700 |   607  | -6534.00 | 0.0042000 |   229  | Correct
 345 |     0.00 | 3531.00 | 0.0026700 |   607  | -6534.00 | 0.0042000 |   392  | Correct
 345 |     0.00 | 3531.00 | 0.0056700 |   597  | -3567.00 | 0.0003800 |   217  | Correct
 345 |     0.00 | 3531.00 | 0.0056700 |   597  | -3567.00 | 0.0003800 |   396  | Correct
 345 |     0.00 | 3531.00 | 0.0056700 |   597  | -3567.00 | 0.0043000 |   206  | Correct
 345 |     0.00 | 3531.00 | 0.0056700 |   597  | -3567.00 | 0.0043000 |   400  | Correct
 345 |     0.00 | 3531.00 | 0.0056700 |   597  | -6534.00 | 0.0009700 |   233  | Correct
 345 |     0.00 | 3531.00 | 0.0056700 |   597  | -6534.00 | 0.0009700 |   398  | Correct
 345 |     0.00 | 3531.00 | 0.0056700 |   597  | -6534.00 | 0.0049000 |   228  | Correct
 345 |     0.00 | 3531.00 | 0.0056700 |   597  | -6534.00 | 0.0049000 |   408  | Correct
 345 |     0.00 | 3531.00 | 0.0056700 |   597  | -3567.00 | 0.0009800 |   205  | Correct
 345 |     0.00 | 3531.00 | 0.0056700 |   597  | -3567.00 | 0.0009800 |   398  | Correct
 345 |     0.00 | 3531.00 | 0.0056700 |   597  | -3567.00 | 0.0042800 |   231  | Correct
 345 |     0.00 | 3531.00 | 0.0056700 |   597  | -3567.00 | 0.0042800 |   400  | Correct
 345 |     0.00 | 3531.00 | 0.0056700 |   597  | -6534.00 | 0.0001000 |   231  | Correct
 345 |     0.00 | 3531.00 | 0.0056700 |   597  | -6534.00 | 0.0001000 |   370  | Correct
 345 |     0.00 | 3531.00 | 0.0056700 |   597  | -6534.00 | 0.0040200 |   211  | Correct
 345 |     0.00 | 3531.00 | 0.0056700 |   597  | -6534.00 | 0.0040200 |   378  | Correct
 345 | 14596.82 | 1234.00 | 0.0026700 |   597  | -3567.00 | 0.0002000 |   206  | Correct
 345 | 14596.82 | 1234.00 | 0.0026700 |   597  | -3567.00 | 0.0002000 |   403  | Correct
 345 | 14596.82 | 1234.00 | 0.0026700 |   597  | -3567.00 | 0.0041400 |   223  | Correct
 345 | 14596.82 | 1234.00 | 0.0026700 |   597  | -3567.00 | 0.0041400 |   403  | Correct
 345 | 14596.82 | 1234.00 | 0.0026700 |   597  | -6534.00 | 0.0002000 |   233  | Correct
 345 | 14596.82 | 1234.00 | 0.0026700 |   597  | -6534.00 | 0.0002000 |   376  | Correct
 345 | 14596.82 | 1234.00 | 0.0026700 |   597  | -6534.00 | 0.0044800 |   214  | Correct
 345 | 14596.82 | 1234.00 | 0.0026700 |   597  | -6534.00 | 0.0044800 |   405  | Correct
 345 | 14596.82 | 1234.00 | 0.0026700 |   591  | -3567.00 | 0.0008300 |   214  | Correct
 345 | 14596.82 | 1234.00 | 0.0026700 |   591  | -3567.00 | 0.0008300 |   387  | Correct
 345 | 14596.82 | 1234.00 | 0.0026700 |   591  | -3567.00 | 0.0040000 |   224  | Correct
 345 | 14596.82 | 1234.00 | 0.0026700 |   591  | -3567.00 | 0.0040000 |   384  | Correct
 345 | 14596.82 | 1234.00 | 0.0026700 |   591  | -6534.00 | 0.0007800 |   232  | Correct
 345 | 14596.82 | 1234.00 | 0.0026700 |   591  | -6534.00 | 0.0007800 |   392  | Correct
 345 | 14596.82 | 1234.00 | 0.0026700 |   591  | -6534.00 | 0.0044800 |   223  | Correct
 345 | 14596.82 | 1234.00 | 0.0026700 |   591  | -6534.00 | 0.0044800 |   404  | Correct
 345 | 14596.82 | 1234.00 | 0.0056700 |   597  | -3567.00 | 0.0008800 |   232  | Correct
 345 | 14596.82 | 1234.00 | 0.0056700 |   597  | -3567.00 | 0.0008800 |   379  | Correct
 345 | 14596.82 | 1234.00 | 0.0056700 |   597  | -3567.00 | 0.0043100 |   209  | Correct
 345 | 14596.82 | 1234.00 | 0.0056700 |   597  | -3567.00 | 0.0043100 |   404  | Correct
 345 | 14596.82 | 1234.00 | 0.0056700 |   597  | -6534.00 | 0.0000100 |   231  | Correct
 345 | 14596.82 | 1234.00 | 0.0056700 |   597  | -6534.00 | 0.0000100 |   383  | Correct
 345 | 14596.82 | 1234.00 | 0.0056700 |   597  | -6534.00 | 0.0047700 |   227  | Correct
 345 | 14596.82 | 1234.00 | 0.0056700 |   597  | -6534.00 | 0.0047700 |   396  | Correct
 345 | 14596.82 | 1234.00 | 0.0056700 |   587  | -3567.00 | 0.0004300 |   220  | Correct
 345 | 14596.82 | 1234.00 | 0.0056700 |   587  | -3567.00 | 0.0004300 |   378  | Correct
 345 | 14596.82 | 1234.00 | 0.0056700 |   587  | -3567.00 | 0.0043800 |   216  | Correct
 345 | 14596.82 | 1234.00 | 0.0056700 |   587  | -3567.00 | 0.0043800 |   375  | Correct
 345 | 14596.82 | 1234.00 | 0.0056700 |   587  | -6534.00 | 0.0000500 |   221  | Correct
 345 | 14596.82 | 1234.00 | 0.0056700 |   587  | -6534.00 | 0.0000500 |   385  | Correct
 345 | 14596.82 | 1234.00 | 0.0056700 |   587  | -6534.00 | 0.0044900 |   208  | Correct
 345 | 14596.82 | 1234.00 | 0.0056700 |   587  | -6534.00 | 0.0044900 |   373  | Correct
 345 | 14596.82 | 3505.00 | 0.0026700 |   597  | -3567.00 | 0.0002100 |   227  | Correct
 345 | 14596.82 | 3505.00 | 0.0026700 |   597  | -3567.00 | 0.0002100 |   402  | Correct
 345 | 14596.82 | 3505.00 | 0.0026700 |   597  | -3567.00 | 0.0045700 |   211  | Correct
 345 | 14596.82 | 3505.00 | 0.0026700 |   597  | -3567.00 | 0.0045700 |   406  | Correct
 345 | 14596.82 | 3505.00 | 0.0026700 |   597  | -6534.00 | 0.0008900 |   228  | Correct
 345 | 14596.82 | 3505.00 | 0.0026700 |   597  | -6534.00 | 0.0008900 |   377  | Correct
 345 | 14596.82 | 3505.00 | 0.0026700 |   597  | -6534.00 | 0.0044100 |   219  | Correct
 345 | 14596.82 | 3505.00 | 0.0026700 |   597  | -6534.00 | 0.0044100 |   390  | Correct
 345 | 14596.82 | 3505.00 | 0.0026700 |   612  | -3567.00 | 0.0006600 |   216  | Correct
 345 | 14596.82 | 3505.00 | 0.0026700 |   612  | -3567.00 | 0.0006600 |   387  | Correct
 345 | 14596.82 | 3505.00 | 0.0026700 |   612  | -3567.00 | 0.0048600 |   209  | Correct
 345 | 14596.82 | 3505.00 | 0.0026700 |   612  | -3567.00 | 0.0048600 |   397  | Correct
 345 | 14596.82 | 3505.00 | 0.0026700 |   612  | -6534.00 | 0.0006600 |   226  | Correct
 345 | 14596.82 | 3505.00 | 0.0026700 |   612  | -6534.00 | 0.0006600 |   380  | Correct
 345 | 14596.82 | 3505.00 | 0.0026700 |   612  | -6534.00 | 0.0046900 |   226  | Correct
 345 | 14596.82 | 3505.00 | 0.0026700 |   612  | -6534.00 | 0.0046900 |   393  | Correct
 345 | 14596.82 | 3505.00 | 0.0056700 |   597  | -3567.00 | 0.0006400 |   206  | Correct
 345 | 14596.82 | 3505.00 | 0.0056700 |   597  | -3567.00 | 0.0006400 |   399  | Correct
 345 | 14596.82 | 3505.00 | 0.0056700 |   597  | -3567.00 | 0.0043800 |   226  | Correct
 345 | 14596.82 | 3505.00 | 0.0056700 |   597  | -3567.00 | 0.0043800 |   409  | Correct
 345 | 14596.82 | 3505.00 | 0.0056700 |   597  | -6534.00 | 0.0005900 |   204  | Correct
 345 | 14596.82 | 3505.00 | 0.0056700 |   597  | -6534.00 | 0.0005900 |   387  | Correct
 345 | 14596.82 | 3505.00 | 0.0056700 |   597  | -6534.00 | 0.0049400 |   233  | Correct
 345 | 14596.82 | 3505.00 | 0.0056700 |   597  | -6534.00 | 0.0049400 |   403  | Correct
 345 | 14596.82 | 3505.00 | 0.0056700 |   609  | -3567.00 | 0.0008800 |   215  | Correct
 345 | 14596.82 | 3505.00 | 0.0056700 |   609  | -3567.00 | 0.0008800 |   404  | Correct
 345 | 14596.82 | 3505.00 | 0.0056700 |   609  | -3567.00 | 0.0041500 |   219  | Correct
 345 | 14596.82 | 3505.00 | 0.0056700 |   609  | -3567.00 | 0.0041500 |   400  | Correct
 345 | 14596.82 | 3505.00 | 0.0056700 |   609  | -6534.00 | 0.0003200 |   216  | Correct
 345 | 14596.82 | 3505.00 | 0.0056700 |   609  | -6534.00 | 0.0003200 |   380  | Correct
 345 | 14596.82 | 3505.00 | 0.0056700 |   609  | -6534.00 | 0.0044400 |   228  | Correct
 345 | 14596.82 | 3505.00 | 0.0056700 |   609  | -6534.00 | 0.0044400 |   394  | Correct

Overall Grade: A
